% Graph Number 4 , Number Of Nodes 200 , Number Of Edges = 8989
200 200 8989
3 2
4 1
4 3
5 2
6 3
6 4
7 2
8 2
8 3
8 4
8 6
9 1
9 2
9 4
9 5
9 6
9 8
10 1
10 2
10 3
10 4
10 6
10 7
10 9
11 1
11 3
11 5
11 7
11 8
11 9
12 1
12 4
12 6
12 7
12 8
12 9
12 10
12 11
13 1
13 2
13 3
13 7
13 8
13 11
13 12
14 2
14 4
14 5
14 12
14 13
15 6
15 8
15 11
15 13
15 14
16 6
16 10
16 13
16 14
17 1
17 4
17 5
17 7
17 8
17 9
17 15
18 1
18 4
18 5
18 7
18 9
18 13
18 15
19 6
19 7
19 11
19 13
19 14
19 15
19 17
19 18
20 1
20 2
20 3
20 4
20 5
20 6
20 9
20 10
20 13
20 16
20 18
21 1
21 7
21 9
21 11
21 13
21 14
21 16
21 17
21 20
22 1
22 4
22 6
22 7
22 9
22 11
22 14
22 17
23 1
23 2
23 7
23 10
23 14
23 15
23 18
23 21
23 22
24 1
24 2
24 3
24 4
24 7
24 10
24 12
24 13
24 16
24 17
24 18
24 19
24 20
25 2
25 11
25 17
25 21
25 22
25 23
25 24
26 2
26 3
26 4
26 5
26 12
26 15
26 17
26 20
26 21
26 22
26 24
27 1
27 3
27 6
27 7
27 8
27 9
27 10
27 12
27 14
27 15
27 16
27 19
27 21
27 22
27 23
27 25
28 1
28 4
28 6
28 7
28 8
28 9
28 10
28 11
28 13
28 19
28 24
29 1
29 3
29 6
29 8
29 12
29 14
29 15
29 17
29 18
29 20
29 21
29 22
29 23
29 25
30 1
30 2
30 3
30 6
30 9
30 13
30 16
30 17
30 19
30 23
30 26
30 29
31 1
31 6
31 9
31 10
31 11
31 12
31 14
31 16
31 17
31 20
31 21
31 22
31 25
31 28
31 30
32 2
32 3
32 4
32 6
32 8
32 17
32 18
32 20
32 22
32 29
32 31
33 3
33 5
33 6
33 7
33 14
33 15
33 18
33 19
33 22
33 24
33 26
33 27
33 28
33 29
33 30
33 32
34 8
34 9
34 10
34 11
34 15
34 17
34 18
34 22
34 23
34 28
34 29
34 33
35 3
35 5
35 6
35 9
35 12
35 14
35 16
35 17
35 18
35 20
35 21
35 22
35 25
35 28
35 30
36 2
36 3
36 4
36 5
36 6
36 11
36 13
36 14
36 16
36 18
36 19
36 21
36 22
36 25
36 27
36 28
36 29
36 30
36 31
37 2
37 4
37 5
37 6
37 8
37 9
37 10
37 13
37 16
37 17
37 23
37 25
37 26
37 28
37 29
38 2
38 4
38 8
38 9
38 10
38 14
38 15
38 20
38 21
38 25
38 26
38 27
38 29
38 30
38 32
38 33
38 36
39 6
39 7
39 9
39 10
39 15
39 18
39 21
39 22
39 23
39 24
39 25
39 28
39 29
39 30
39 32
39 33
39 35
39 36
39 38
40 1
40 2
40 3
40 5
40 6
40 8
40 9
40 10
40 12
40 13
40 14
40 15
40 18
40 19
40 21
40 23
40 24
40 28
40 29
40 30
40 31
40 33
40 37
40 38
41 4
41 6
41 9
41 11
41 12
41 13
41 14
41 15
41 16
41 23
41 24
41 26
41 28
41 30
41 31
41 36
41 39
41 40
42 1
42 2
42 3
42 4
42 6
42 8
42 9
42 11
42 12
42 13
42 16
42 17
42 21
42 24
42 25
42 27
42 28
42 29
42 32
42 33
42 34
43 4
43 5
43 7
43 10
43 12
43 13
43 18
43 19
43 21
43 23
43 24
43 25
43 26
43 31
43 33
43 39
43 40
43 42
44 2
44 3
44 4
44 5
44 11
44 12
44 13
44 15
44 16
44 17
44 18
44 20
44 21
44 24
44 25
44 26
44 29
44 30
44 35
44 36
44 37
44 40
44 41
44 42
45 2
45 6
45 9
45 10
45 12
45 13
45 14
45 15
45 20
45 22
45 26
45 28
45 32
45 33
45 36
45 38
45 39
45 40
45 42
45 43
46 2
46 3
46 6
46 7
46 9
46 11
46 13
46 14
46 17
46 18
46 19
46 22
46 23
46 26
46 27
46 28
46 30
46 34
46 37
46 39
46 40
46 41
46 45
47 4
47 7
47 8
47 10
47 11
47 15
47 16
47 17
47 18
47 20
47 21
47 22
47 25
47 31
47 34
47 37
47 38
47 39
47 40
47 42
47 43
47 44
47 46
48 5
48 6
48 7
48 8
48 14
48 22
48 30
48 31
48 32
48 33
48 38
48 42
48 44
48 47
49 2
49 10
49 11
49 12
49 15
49 17
49 18
49 21
49 22
49 23
49 25
49 26
49 27
49 29
49 30
49 31
49 32
49 33
49 38
49 45
49 46
50 4
50 5
50 8
50 10
50 12
50 15
50 16
50 19
50 20
50 21
50 26
50 27
50 28
50 29
50 33
50 41
50 43
50 46
50 49
51 1
51 5
51 6
51 13
51 15
51 16
51 19
51 22
51 25
51 26
51 27
51 33
51 34
51 40
51 45
51 50
52 2
52 5
52 8
52 10
52 11
52 17
52 18
52 19
52 22
52 24
52 26
52 32
52 34
52 35
52 38
52 41
52 45
52 46
52 48
52 50
53 3
53 4
53 5
53 7
53 11
53 13
53 14
53 15
53 18
53 22
53 24
53 26
53 28
53 30
53 32
53 41
53 42
53 50
53 51
53 52
54 1
54 2
54 3
54 6
54 10
54 11
54 13
54 15
54 16
54 19
54 20
54 23
54 25
54 29
54 30
54 32
54 34
54 38
54 44
54 46
54 47
54 49
54 50
54 52
54 53
55 2
55 4
55 11
55 12
55 15
55 24
55 27
55 28
55 29
55 32
55 33
55 39
55 40
55 43
55 47
55 49
55 50
55 51
55 54
56 2
56 3
56 4
56 5
56 6
56 11
56 12
56 13
56 14
56 16
56 17
56 18
56 19
56 21
56 26
56 27
56 29
56 31
56 32
56 34
56 36
56 38
56 40
56 41
56 42
56 43
56 44
56 46
56 47
56 49
56 50
56 51
57 4
57 6
57 9
57 13
57 15
57 16
57 18
57 19
57 23
57 25
57 26
57 28
57 31
57 32
57 33
57 36
57 37
57 42
57 43
57 49
57 51
57 52
58 2
58 13
58 14
58 15
58 16
58 23
58 24
58 28
58 29
58 30
58 31
58 32
58 33
58 34
58 36
58 44
58 47
58 49
58 50
58 55
58 56
58 57
59 1
59 3
59 7
59 8
59 9
59 10
59 11
59 13
59 15
59 16
59 18
59 19
59 29
59 31
59 33
59 34
59 35
59 37
59 40
59 42
59 43
59 44
59 45
59 46
59 50
59 51
59 52
59 53
59 54
59 55
59 57
60 2
60 7
60 8
60 10
60 11
60 12
60 13
60 16
60 17
60 19
60 23
60 24
60 30
60 31
60 32
60 36
60 37
60 40
60 41
60 42
60 43
60 44
60 46
60 48
60 49
60 51
60 52
60 53
60 54
60 55
60 57
61 2
61 6
61 7
61 10
61 12
61 13
61 14
61 17
61 22
61 23
61 24
61 27
61 30
61 31
61 32
61 33
61 34
61 35
61 40
61 41
61 47
61 48
61 49
61 52
61 53
61 59
61 60
62 1
62 3
62 5
62 7
62 9
62 10
62 14
62 17
62 18
62 23
62 24
62 28
62 29
62 30
62 35
62 36
62 37
62 38
62 40
62 41
62 44
62 45
62 49
62 52
62 55
62 57
63 1
63 4
63 6
63 10
63 12
63 14
63 17
63 21
63 25
63 26
63 29
63 30
63 32
63 33
63 34
63 36
63 37
63 38
63 39
63 40
63 41
63 42
63 45
63 49
63 50
63 52
63 53
63 55
63 57
63 60
64 4
64 6
64 8
64 10
64 11
64 13
64 14
64 15
64 16
64 17
64 19
64 22
64 24
64 25
64 27
64 28
64 29
64 30
64 31
64 37
64 41
64 44
64 45
64 48
64 49
64 50
64 52
64 54
64 55
64 58
64 61
65 1
65 2
65 6
65 12
65 21
65 23
65 24
65 27
65 28
65 33
65 34
65 35
65 37
65 38
65 39
65 40
65 41
65 43
65 49
65 52
65 53
65 55
65 62
66 3
66 6
66 8
66 9
66 15
66 16
66 19
66 20
66 21
66 22
66 25
66 28
66 31
66 32
66 33
66 36
66 41
66 42
66 43
66 44
66 49
66 50
66 51
66 54
66 55
66 56
66 57
66 59
66 62
66 63
66 65
67 1
67 3
67 4
67 5
67 7
67 10
67 15
67 18
67 20
67 22
67 23
67 24
67 25
67 26
67 31
67 35
67 39
67 40
67 42
67 44
67 46
67 47
67 49
67 50
67 53
67 54
67 55
67 57
67 60
67 62
67 64
68 2
68 6
68 7
68 8
68 11
68 12
68 14
68 17
68 19
68 22
68 23
68 25
68 26
68 27
68 30
68 31
68 32
68 35
68 37
68 40
68 41
68 45
68 46
68 47
68 52
68 55
68 56
68 58
68 59
68 62
68 63
68 66
69 2
69 5
69 8
69 12
69 14
69 15
69 16
69 19
69 21
69 22
69 24
69 26
69 27
69 29
69 30
69 33
69 35
69 39
69 40
69 41
69 42
69 45
69 51
69 54
69 56
69 60
69 62
69 64
69 65
70 4
70 7
70 9
70 11
70 16
70 17
70 19
70 20
70 29
70 30
70 33
70 34
70 35
70 36
70 37
70 40
70 41
70 43
70 44
70 47
70 49
70 52
70 53
70 59
70 60
70 61
70 66
70 67
71 15
71 16
71 17
71 18
71 19
71 21
71 22
71 23
71 26
71 28
71 33
71 34
71 37
71 38
71 39
71 44
71 45
71 46
71 48
71 50
71 53
71 54
71 55
71 57
71 59
71 62
71 63
71 66
71 68
71 69
72 1
72 4
72 5
72 6
72 7
72 11
72 13
72 19
72 20
72 21
72 26
72 27
72 30
72 31
72 34
72 35
72 37
72 42
72 46
72 48
72 50
72 52
72 54
72 56
72 57
72 59
72 61
72 62
72 64
72 65
72 68
73 1
73 2
73 6
73 7
73 9
73 10
73 17
73 20
73 24
73 27
73 29
73 30
73 34
73 35
73 38
73 41
73 42
73 43
73 44
73 46
73 48
73 50
73 53
73 54
73 55
73 62
73 63
73 64
73 66
73 68
73 69
73 72
74 6
74 9
74 11
74 12
74 13
74 14
74 15
74 16
74 18
74 19
74 20
74 22
74 23
74 26
74 29
74 30
74 33
74 38
74 42
74 43
74 47
74 48
74 49
74 50
74 51
74 56
74 59
74 62
74 70
75 2
75 3
75 4
75 5
75 6
75 8
75 9
75 11
75 15
75 19
75 21
75 22
75 23
75 26
75 28
75 33
75 36
75 37
75 38
75 39
75 41
75 44
75 45
75 46
75 47
75 48
75 50
75 51
75 52
75 53
75 54
75 58
75 61
75 62
75 63
75 68
75 69
75 71
75 72
75 73
76 1
76 3
76 5
76 6
76 7
76 14
76 15
76 16
76 19
76 24
76 26
76 34
76 35
76 36
76 40
76 42
76 43
76 45
76 46
76 54
76 56
76 58
76 59
76 60
76 61
76 62
76 63
76 64
76 66
76 67
76 70
76 71
76 72
77 1
77 7
77 8
77 10
77 11
77 12
77 14
77 17
77 18
77 20
77 21
77 22
77 23
77 25
77 26
77 33
77 37
77 38
77 39
77 48
77 51
77 52
77 54
77 55
77 57
77 58
77 60
77 61
77 62
77 63
77 65
77 68
77 75
77 76
78 1
78 3
78 4
78 6
78 7
78 8
78 10
78 14
78 15
78 16
78 19
78 20
78 24
78 27
78 28
78 29
78 33
78 34
78 45
78 46
78 48
78 51
78 52
78 54
78 57
78 58
78 59
78 61
78 69
78 70
78 74
78 75
78 76
79 2
79 4
79 6
79 7
79 9
79 11
79 12
79 14
79 16
79 17
79 20
79 21
79 22
79 23
79 24
79 29
79 30
79 33
79 35
79 40
79 41
79 43
79 44
79 49
79 50
79 51
79 53
79 55
79 56
79 58
79 65
79 67
79 69
79 70
79 72
79 73
79 74
79 76
79 78
80 2
80 3
80 4
80 6
80 7
80 12
80 18
80 20
80 22
80 24
80 31
80 32
80 33
80 35
80 38
80 39
80 45
80 48
80 50
80 52
80 56
80 57
80 58
80 59
80 65
80 68
80 69
80 71
80 74
80 75
80 76
80 77
80 79
81 2
81 3
81 5
81 6
81 7
81 8
81 9
81 10
81 14
81 16
81 17
81 22
81 23
81 24
81 29
81 31
81 34
81 35
81 36
81 37
81 41
81 43
81 44
81 46
81 47
81 48
81 49
81 50
81 51
81 52
81 54
81 57
81 58
81 59
81 63
81 64
81 65
81 67
81 70
81 72
81 74
81 75
81 78
81 79
81 80
82 2
82 3
82 4
82 6
82 9
82 12
82 16
82 17
82 20
82 24
82 25
82 26
82 27
82 28
82 31
82 35
82 36
82 38
82 39
82 40
82 41
82 42
82 44
82 47
82 50
82 53
82 54
82 56
82 57
82 58
82 61
82 65
82 66
82 69
82 72
82 73
82 75
82 76
82 77
82 78
82 79
82 80
82 81
83 1
83 2
83 3
83 4
83 9
83 11
83 12
83 13
83 16
83 17
83 18
83 19
83 22
83 25
83 26
83 28
83 33
83 34
83 36
83 39
83 40
83 41
83 45
83 46
83 48
83 49
83 51
83 54
83 55
83 56
83 60
83 63
83 64
83 66
83 68
83 73
83 76
83 78
83 79
83 82
84 2
84 3
84 6
84 7
84 8
84 9
84 12
84 15
84 16
84 17
84 19
84 21
84 22
84 24
84 25
84 26
84 30
84 32
84 33
84 34
84 35
84 37
84 40
84 43
84 44
84 45
84 46
84 48
84 49
84 51
84 52
84 54
84 59
84 60
84 62
84 63
84 64
84 69
84 71
84 76
84 78
84 79
84 82
84 83
85 3
85 5
85 7
85 11
85 12
85 15
85 16
85 20
85 24
85 25
85 29
85 31
85 32
85 33
85 34
85 35
85 37
85 39
85 40
85 42
85 44
85 48
85 53
85 56
85 57
85 59
85 60
85 65
85 66
85 67
85 68
85 70
85 72
85 73
85 74
85 77
85 80
85 82
85 84
86 1
86 3
86 4
86 5
86 8
86 9
86 12
86 14
86 16
86 17
86 20
86 22
86 23
86 27
86 33
86 36
86 37
86 39
86 42
86 43
86 47
86 54
86 55
86 56
86 57
86 59
86 61
86 63
86 64
86 67
86 68
86 73
86 82
86 85
87 1
87 2
87 3
87 4
87 7
87 8
87 25
87 36
87 38
87 39
87 44
87 45
87 46
87 47
87 48
87 50
87 55
87 60
87 63
87 67
87 68
87 70
87 74
87 75
87 76
87 80
87 84
88 3
88 4
88 6
88 7
88 8
88 13
88 16
88 17
88 22
88 24
88 25
88 26
88 29
88 30
88 31
88 32
88 34
88 35
88 37
88 38
88 49
88 50
88 54
88 57
88 61
88 63
88 64
88 66
88 68
88 69
88 73
88 77
88 79
88 80
88 82
88 83
88 87
89 2
89 3
89 6
89 10
89 11
89 13
89 14
89 15
89 16
89 17
89 19
89 21
89 22
89 24
89 25
89 28
89 29
89 30
89 31
89 39
89 40
89 42
89 43
89 47
89 49
89 51
89 52
89 54
89 56
89 60
89 62
89 63
89 65
89 66
89 68
89 70
89 71
89 72
89 74
89 75
89 80
89 81
89 82
89 83
89 85
89 87
90 2
90 3
90 4
90 7
90 11
90 13
90 15
90 17
90 19
90 20
90 21
90 23
90 26
90 27
90 29
90 30
90 32
90 35
90 42
90 45
90 47
90 49
90 50
90 54
90 55
90 56
90 57
90 58
90 61
90 64
90 65
90 69
90 71
90 72
90 79
90 84
90 87
90 88
91 1
91 4
91 5
91 7
91 14
91 15
91 19
91 20
91 23
91 25
91 30
91 33
91 35
91 36
91 38
91 39
91 40
91 42
91 45
91 46
91 47
91 49
91 50
91 53
91 57
91 58
91 59
91 61
91 62
91 67
91 68
91 69
91 70
91 79
91 81
91 84
91 85
91 88
91 89
92 1
92 2
92 3
92 6
92 7
92 9
92 14
92 15
92 20
92 22
92 24
92 27
92 28
92 29
92 30
92 33
92 34
92 35
92 36
92 37
92 38
92 41
92 42
92 46
92 47
92 48
92 51
92 52
92 53
92 56
92 57
92 59
92 60
92 62
92 64
92 67
92 69
92 70
92 71
92 72
92 74
92 75
92 77
92 78
92 86
92 87
92 88
92 90
93 4
93 5
93 6
93 8
93 9
93 11
93 12
93 15
93 19
93 24
93 25
93 26
93 31
93 32
93 33
93 36
93 37
93 41
93 42
93 43
93 44
93 48
93 50
93 54
93 55
93 56
93 60
93 62
93 69
93 70
93 72
93 73
93 76
93 79
93 80
93 83
93 84
93 89
93 90
93 92
94 1
94 4
94 6
94 7
94 8
94 12
94 13
94 15
94 16
94 18
94 21
94 22
94 24
94 26
94 27
94 31
94 33
94 35
94 37
94 38
94 40
94 41
94 42
94 43
94 45
94 48
94 50
94 52
94 56
94 58
94 59
94 61
94 63
94 64
94 66
94 68
94 69
94 71
94 72
94 74
94 76
94 78
94 79
94 88
94 89
94 90
94 91
94 92
94 93
95 1
95 3
95 7
95 13
95 14
95 15
95 16
95 17
95 18
95 20
95 22
95 23
95 27
95 28
95 29
95 30
95 33
95 36
95 38
95 39
95 41
95 43
95 44
95 45
95 46
95 48
95 49
95 50
95 54
95 57
95 60
95 61
95 62
95 63
95 66
95 68
95 73
95 74
95 75
95 76
95 78
95 80
95 81
95 84
95 85
95 86
95 87
95 89
95 90
95 91
96 1
96 7
96 10
96 11
96 14
96 16
96 21
96 23
96 25
96 27
96 35
96 36
96 37
96 38
96 39
96 41
96 43
96 45
96 49
96 50
96 51
96 53
96 54
96 57
96 58
96 64
96 65
96 67
96 68
96 71
96 73
96 74
96 76
96 80
96 81
96 82
96 83
96 85
96 86
96 87
96 91
97 5
97 10
97 11
97 13
97 14
97 15
97 16
97 18
97 21
97 22
97 23
97 24
97 28
97 31
97 34
97 39
97 41
97 42
97 45
97 47
97 54
97 55
97 57
97 59
97 60
97 61
97 62
97 65
97 67
97 68
97 70
97 71
97 72
97 74
97 75
97 76
97 77
97 79
97 81
97 82
97 83
97 91
97 93
97 94
98 1
98 3
98 5
98 12
98 15
98 19
98 20
98 23
98 25
98 29
98 30
98 35
98 37
98 38
98 41
98 44
98 55
98 56
98 57
98 60
98 67
98 68
98 69
98 71
98 76
98 79
98 81
98 82
98 85
98 88
98 89
98 91
98 92
98 93
98 94
98 97
99 10
99 11
99 14
99 15
99 16
99 17
99 20
99 21
99 23
99 24
99 29
99 30
99 33
99 35
99 39
99 40
99 43
99 45
99 47
99 49
99 50
99 52
99 55
99 57
99 59
99 66
99 69
99 71
99 72
99 73
99 76
99 79
99 80
99 83
99 88
99 89
99 90
99 93
99 96
99 98
100 1
100 2
100 4
100 6
100 7
100 10
100 11
100 17
100 24
100 25
100 26
100 31
100 34
100 37
100 38
100 41
100 42
100 50
100 55
100 56
100 58
100 59
100 62
100 64
100 65
100 66
100 70
100 72
100 73
100 74
100 76
100 81
100 83
100 85
100 87
100 88
100 92
100 94
100 95
100 96
101 1
101 3
101 6
101 8
101 11
101 13
101 16
101 17
101 19
101 20
101 25
101 26
101 27
101 28
101 29
101 31
101 32
101 34
101 38
101 39
101 40
101 43
101 44
101 45
101 48
101 55
101 56
101 58
101 59
101 61
101 63
101 69
101 71
101 73
101 76
101 77
101 80
101 82
101 84
101 85
101 86
101 88
101 89
101 91
101 92
101 93
102 1
102 2
102 3
102 5
102 6
102 8
102 9
102 10
102 11
102 12
102 13
102 14
102 18
102 19
102 21
102 27
102 28
102 29
102 31
102 36
102 37
102 38
102 39
102 40
102 45
102 51
102 52
102 55
102 59
102 60
102 65
102 66
102 67
102 70
102 72
102 74
102 79
102 80
102 82
102 83
102 84
102 85
102 86
102 87
102 88
102 89
102 90
102 91
102 92
102 93
102 94
102 95
102 97
102 99
103 13
103 16
103 18
103 20
103 21
103 22
103 25
103 28
103 32
103 39
103 43
103 45
103 48
103 56
103 57
103 58
103 60
103 61
103 63
103 64
103 66
103 67
103 68
103 71
103 72
103 73
103 77
103 80
103 81
103 85
103 94
103 96
103 98
103 101
104 5
104 6
104 8
104 9
104 10
104 11
104 14
104 15
104 16
104 20
104 21
104 24
104 26
104 28
104 32
104 33
104 35
104 38
104 39
104 40
104 43
104 45
104 46
104 50
104 51
104 53
104 54
104 55
104 56
104 58
104 59
104 61
104 64
104 65
104 66
104 71
104 73
104 77
104 79
104 80
104 81
104 82
104 83
104 84
104 85
104 88
104 90
104 91
104 94
104 95
104 99
104 100
104 102
105 2
105 5
105 8
105 9
105 10
105 11
105 13
105 15
105 18
105 19
105 20
105 21
105 22
105 24
105 25
105 28
105 29
105 35
105 36
105 40
105 42
105 43
105 45
105 49
105 50
105 53
105 56
105 57
105 64
105 67
105 69
105 75
105 79
105 81
105 86
105 87
105 88
105 89
105 91
105 92
105 96
105 98
105 99
105 103
106 1
106 2
106 5
106 7
106 13
106 17
106 20
106 23
106 24
106 27
106 28
106 31
106 32
106 33
106 35
106 41
106 45
106 46
106 48
106 53
106 54
106 55
106 57
106 59
106 60
106 61
106 63
106 64
106 67
106 70
106 74
106 76
106 77
106 79
106 84
106 85
106 86
106 87
106 88
106 89
106 91
106 94
106 96
106 97
106 98
106 99
106 104
106 105
107 1
107 2
107 3
107 5
107 6
107 7
107 8
107 9
107 12
107 15
107 18
107 20
107 21
107 23
107 30
107 31
107 33
107 34
107 40
107 42
107 43
107 44
107 47
107 51
107 52
107 56
107 58
107 59
107 60
107 63
107 65
107 67
107 70
107 71
107 73
107 77
107 80
107 83
107 84
107 85
107 86
107 87
107 91
107 94
107 98
107 100
107 101
107 105
108 1
108 6
108 9
108 10
108 12
108 14
108 18
108 22
108 24
108 25
108 28
108 34
108 35
108 40
108 41
108 43
108 44
108 47
108 51
108 55
108 58
108 60
108 63
108 69
108 70
108 71
108 72
108 73
108 79
108 83
108 85
108 86
108 89
108 90
108 95
108 99
108 107
109 5
109 10
109 11
109 14
109 18
109 20
109 21
109 25
109 26
109 29
109 38
109 39
109 40
109 41
109 46
109 47
109 49
109 50
109 52
109 53
109 57
109 59
109 64
109 65
109 67
109 68
109 69
109 71
109 72
109 76
109 77
109 78
109 82
109 98
109 99
109 102
109 104
109 105
109 108
110 1
110 2
110 5
110 6
110 8
110 9
110 12
110 13
110 15
110 16
110 19
110 25
110 27
110 29
110 36
110 37
110 39
110 44
110 46
110 47
110 49
110 53
110 56
110 59
110 67
110 69
110 70
110 72
110 73
110 75
110 77
110 78
110 81
110 83
110 85
110 89
110 93
110 95
110 99
110 100
110 101
110 104
110 105
110 106
110 107
110 108
110 109
111 3
111 5
111 7
111 9
111 11
111 12
111 13
111 19
111 22
111 23
111 24
111 25
111 27
111 30
111 31
111 33
111 34
111 37
111 38
111 39
111 41
111 43
111 46
111 47
111 49
111 51
111 53
111 56
111 57
111 58
111 62
111 63
111 65
111 66
111 67
111 69
111 70
111 74
111 75
111 79
111 82
111 83
111 85
111 86
111 90
111 92
111 93
111 95
111 98
111 99
111 101
111 103
111 104
111 106
111 108
111 109
111 110
112 1
112 2
112 4
112 5
112 9
112 12
112 14
112 19
112 25
112 27
112 31
112 32
112 33
112 34
112 35
112 36
112 37
112 40
112 44
112 45
112 48
112 49
112 51
112 53
112 58
112 59
112 64
112 65
112 67
112 69
112 70
112 74
112 77
112 79
112 80
112 81
112 84
112 85
112 87
112 88
112 89
112 91
112 93
112 94
112 95
112 106
112 110
112 111
113 1
113 4
113 5
113 6
113 7
113 8
113 9
113 12
113 13
113 17
113 24
113 26
113 27
113 28
113 29
113 33
113 36
113 37
113 40
113 41
113 54
113 56
113 57
113 59
113 62
113 66
113 72
113 76
113 79
113 80
113 81
113 85
113 87
113 88
113 89
113 90
113 91
113 96
113 98
113 99
113 100
113 105
113 107
113 111
114 8
114 12
114 14
114 21
114 22
114 25
114 26
114 27
114 30
114 32
114 33
114 37
114 38
114 39
114 40
114 44
114 47
114 48
114 49
114 50
114 52
114 54
114 57
114 59
114 66
114 70
114 73
114 74
114 75
114 78
114 79
114 82
114 83
114 84
114 85
114 86
114 87
114 88
114 90
114 91
114 95
114 98
114 106
114 107
114 108
114 111
115 1
115 3
115 5
115 9
115 10
115 15
115 16
115 19
115 22
115 23
115 24
115 26
115 28
115 29
115 30
115 31
115 32
115 33
115 35
115 36
115 38
115 39
115 40
115 41
115 42
115 43
115 44
115 45
115 48
115 52
115 53
115 55
115 57
115 61
115 62
115 64
115 65
115 67
115 68
115 73
115 74
115 77
115 78
115 81
115 83
115 84
115 85
115 86
115 88
115 90
115 91
115 95
115 97
115 100
115 104
115 106
115 108
115 109
115 110
115 111
115 112
116 3
116 5
116 6
116 9
116 11
116 14
116 17
116 21
116 28
116 32
116 33
116 38
116 39
116 42
116 46
116 49
116 53
116 55
116 58
116 59
116 61
116 62
116 64
116 68
116 69
116 74
116 77
116 78
116 79
116 80
116 81
116 82
116 85
116 88
116 93
116 96
116 99
116 100
116 102
116 104
116 108
116 113
116 114
117 1
117 7
117 8
117 10
117 14
117 15
117 16
117 17
117 19
117 22
117 23
117 25
117 26
117 27
117 29
117 31
117 32
117 33
117 35
117 37
117 40
117 43
117 44
117 45
117 48
117 49
117 50
117 51
117 53
117 56
117 63
117 64
117 65
117 66
117 74
117 77
117 78
117 81
117 83
117 88
117 91
117 92
117 94
117 96
117 100
117 101
117 108
117 111
117 112
117 113
117 115
118 2
118 6
118 7
118 8
118 14
118 20
118 23
118 25
118 30
118 31
118 32
118 35
118 36
118 37
118 38
118 41
118 42
118 43
118 44
118 48
118 49
118 50
118 54
118 57
118 58
118 61
118 62
118 70
118 73
118 74
118 75
118 76
118 78
118 79
118 84
118 86
118 89
118 92
118 93
118 96
118 97
118 98
118 100
118 101
118 103
118 104
118 105
118 107
118 108
118 109
118 111
118 113
118 115
118 117
119 1
119 3
119 4
119 6
119 7
119 14
119 16
119 18
119 20
119 21
119 22
119 24
119 27
119 28
119 29
119 30
119 34
119 36
119 38
119 40
119 42
119 43
119 50
119 54
119 58
119 59
119 63
119 68
119 69
119 70
119 72
119 75
119 78
119 79
119 80
119 82
119 85
119 86
119 90
119 93
119 98
119 99
119 100
119 101
119 102
119 103
119 105
119 107
119 108
119 110
119 111
119 112
119 113
119 116
119 117
119 118
120 2
120 3
120 5
120 8
120 9
120 11
120 14
120 21
120 22
120 23
120 28
120 31
120 33
120 34
120 37
120 38
120 45
120 46
120 48
120 49
120 52
120 53
120 54
120 56
120 57
120 61
120 63
120 69
120 70
120 72
120 73
120 74
120 77
120 78
120 80
120 82
120 84
120 87
120 88
120 89
120 90
120 93
120 97
120 99
120 100
120 101
120 107
120 108
120 112
120 114
120 115
120 116
120 119
121 2
121 3
121 4
121 5
121 8
121 11
121 12
121 14
121 15
121 19
121 22
121 23
121 26
121 27
121 28
121 35
121 37
121 38
121 39
121 40
121 41
121 42
121 43
121 44
121 46
121 47
121 48
121 52
121 55
121 58
121 62
121 66
121 69
121 71
121 74
121 77
121 79
121 81
121 85
121 86
121 90
121 91
121 92
121 93
121 98
121 100
121 101
121 102
121 103
121 104
121 107
121 108
121 111
121 112
121 114
121 116
121 120
122 1
122 4
122 5
122 8
122 11
122 15
122 18
122 21
122 22
122 24
122 26
122 27
122 29
122 32
122 33
122 34
122 35
122 37
122 40
122 42
122 44
122 46
122 47
122 51
122 53
122 55
122 59
122 61
122 62
122 64
122 68
122 69
122 70
122 73
122 77
122 81
122 85
122 86
122 89
122 90
122 94
122 95
122 98
122 100
122 102
122 104
122 105
122 109
122 112
122 114
122 115
122 116
122 117
122 118
122 119
122 120
122 121
123 1
123 2
123 3
123 6
123 8
123 9
123 12
123 14
123 15
123 20
123 23
123 24
123 26
123 30
123 31
123 32
123 33
123 35
123 36
123 38
123 40
123 43
123 46
123 48
123 51
123 52
123 58
123 59
123 60
123 61
123 63
123 64
123 68
123 69
123 70
123 72
123 77
123 80
123 81
123 83
123 86
123 88
123 89
123 90
123 91
123 96
123 97
123 101
123 102
123 103
123 105
123 106
123 108
123 117
123 122
124 1
124 4
124 8
124 13
124 14
124 15
124 18
124 22
124 23
124 24
124 26
124 27
124 29
124 30
124 32
124 35
124 37
124 44
124 46
124 47
124 48
124 51
124 53
124 54
124 57
124 59
124 61
124 63
124 67
124 72
124 75
124 78
124 81
124 85
124 86
124 89
124 92
124 93
124 94
124 96
124 99
124 102
124 104
124 105
124 109
124 113
124 114
124 118
124 119
124 120
124 121
124 123
125 4
125 10
125 11
125 13
125 16
125 17
125 18
125 19
125 22
125 23
125 24
125 25
125 28
125 29
125 32
125 33
125 34
125 35
125 37
125 38
125 40
125 43
125 44
125 45
125 47
125 49
125 51
125 54
125 55
125 56
125 58
125 61
125 62
125 63
125 64
125 69
125 70
125 74
125 76
125 78
125 81
125 82
125 83
125 86
125 87
125 88
125 99
125 103
125 106
125 108
125 111
125 112
125 113
125 114
125 116
125 123
125 124
126 2
126 5
126 6
126 7
126 9
126 10
126 11
126 13
126 14
126 25
126 27
126 28
126 32
126 34
126 35
126 39
126 47
126 48
126 49
126 51
126 52
126 56
126 57
126 58
126 59
126 62
126 63
126 72
126 74
126 76
126 77
126 78
126 80
126 82
126 83
126 85
126 88
126 89
126 93
126 94
126 101
126 102
126 110
126 111
126 112
126 113
126 115
126 117
126 120
126 122
127 1
127 4
127 5
127 15
127 17
127 19
127 21
127 23
127 25
127 26
127 28
127 31
127 33
127 35
127 37
127 38
127 39
127 42
127 43
127 44
127 46
127 48
127 49
127 51
127 54
127 55
127 56
127 60
127 61
127 63
127 65
127 67
127 71
127 72
127 73
127 76
127 78
127 79
127 81
127 82
127 84
127 85
127 94
127 96
127 102
127 104
127 108
127 109
127 110
127 111
127 114
127 115
127 116
127 119
127 122
127 124
127 126
128 1
128 4
128 5
128 12
128 15
128 16
128 17
128 18
128 19
128 20
128 21
128 22
128 28
128 33
128 35
128 37
128 38
128 40
128 41
128 43
128 46
128 47
128 48
128 51
128 52
128 53
128 57
128 58
128 59
128 60
128 64
128 67
128 69
128 70
128 74
128 75
128 76
128 77
128 80
128 83
128 85
128 96
128 98
128 99
128 100
128 101
128 102
128 103
128 107
128 108
128 109
128 111
128 112
128 113
128 114
128 115
128 116
128 117
128 118
128 119
128 120
128 121
128 124
128 125
128 126
128 127
129 1
129 3
129 4
129 6
129 13
129 19
129 20
129 32
129 37
129 38
129 46
129 48
129 50
129 51
129 55
129 56
129 60
129 61
129 62
129 64
129 66
129 67
129 68
129 71
129 72
129 75
129 77
129 79
129 82
129 83
129 86
129 89
129 91
129 96
129 99
129 102
129 110
129 113
129 115
129 116
129 121
129 125
129 128
130 2
130 3
130 4
130 5
130 6
130 9
130 13
130 19
130 20
130 24
130 25
130 27
130 28
130 29
130 32
130 33
130 35
130 37
130 38
130 39
130 41
130 42
130 45
130 47
130 48
130 51
130 52
130 54
130 57
130 59
130 64
130 65
130 66
130 69
130 70
130 73
130 75
130 77
130 83
130 84
130 85
130 88
130 89
130 90
130 93
130 95
130 96
130 100
130 102
130 103
130 108
130 110
130 112
130 113
130 117
130 119
130 120
130 122
130 124
130 125
130 126
130 127
130 128
131 1
131 7
131 8
131 11
131 13
131 14
131 18
131 20
131 22
131 25
131 26
131 27
131 30
131 32
131 33
131 34
131 38
131 39
131 43
131 45
131 48
131 49
131 50
131 52
131 54
131 55
131 62
131 63
131 64
131 65
131 69
131 73
131 75
131 76
131 77
131 78
131 80
131 82
131 84
131 87
131 89
131 90
131 93
131 96
131 97
131 100
131 105
131 107
131 108
131 110
131 114
131 116
131 118
131 123
131 124
131 127
131 128
131 129
131 130
132 4
132 6
132 8
132 9
132 11
132 16
132 17
132 18
132 20
132 22
132 25
132 27
132 31
132 32
132 39
132 40
132 41
132 42
132 45
132 47
132 48
132 49
132 50
132 51
132 52
132 54
132 55
132 56
132 57
132 58
132 61
132 62
132 63
132 65
132 67
132 68
132 70
132 73
132 75
132 76
132 77
132 78
132 81
132 82
132 83
132 84
132 89
132 93
132 95
132 99
132 100
132 101
132 102
132 104
132 106
132 110
132 118
132 122
132 123
132 126
132 128
132 129
132 130
133 1
133 4
133 5
133 6
133 7
133 11
133 23
133 24
133 25
133 26
133 29
133 30
133 31
133 32
133 33
133 35
133 36
133 37
133 38
133 39
133 40
133 42
133 43
133 45
133 47
133 48
133 51
133 57
133 58
133 61
133 63
133 64
133 65
133 66
133 68
133 71
133 76
133 79
133 81
133 82
133 85
133 87
133 90
133 92
133 94
133 95
133 96
133 98
133 99
133 100
133 102
133 104
133 105
133 107
133 110
133 111
133 112
133 117
133 118
133 119
133 122
133 125
133 127
133 128
133 129
134 1
134 3
134 4
134 5
134 7
134 8
134 11
134 15
134 19
134 23
134 24
134 27
134 30
134 32
134 34
134 36
134 37
134 41
134 42
134 44
134 45
134 48
134 50
134 51
134 52
134 56
134 58
134 60
134 62
134 65
134 66
134 67
134 68
134 70
134 73
134 76
134 77
134 80
134 82
134 83
134 86
134 87
134 88
134 90
134 92
134 93
134 95
134 96
134 97
134 99
134 101
134 103
134 105
134 106
134 108
134 109
134 112
134 113
134 114
134 115
134 116
134 117
134 118
134 119
134 120
134 123
134 124
134 126
134 127
134 130
134 131
135 9
135 11
135 13
135 18
135 20
135 21
135 32
135 33
135 34
135 37
135 39
135 41
135 42
135 46
135 50
135 54
135 55
135 58
135 64
135 68
135 70
135 71
135 73
135 74
135 79
135 82
135 86
135 87
135 89
135 90
135 92
135 94
135 95
135 96
135 97
135 98
135 100
135 101
135 102
135 105
135 109
135 111
135 112
135 117
135 120
135 121
135 124
135 127
135 134
136 1
136 5
136 7
136 10
136 12
136 13
136 20
136 26
136 27
136 31
136 37
136 38
136 40
136 42
136 45
136 46
136 47
136 50
136 55
136 63
136 64
136 65
136 66
136 67
136 68
136 70
136 73
136 76
136 78
136 81
136 82
136 83
136 84
136 86
136 88
136 89
136 91
136 93
136 94
136 96
136 98
136 99
136 102
136 104
136 109
136 110
136 111
136 112
136 113
136 117
136 118
136 123
136 124
136 125
136 127
136 128
136 129
136 130
136 131
136 134
137 2
137 3
137 4
137 5
137 6
137 8
137 10
137 14
137 15
137 21
137 24
137 26
137 29
137 30
137 31
137 35
137 37
137 38
137 39
137 40
137 44
137 45
137 51
137 54
137 57
137 58
137 59
137 60
137 62
137 63
137 66
137 68
137 69
137 71
137 72
137 77
137 82
137 83
137 88
137 89
137 91
137 93
137 95
137 97
137 98
137 99
137 100
137 101
137 102
137 104
137 105
137 108
137 109
137 111
137 113
137 118
137 119
137 123
137 128
137 129
137 130
137 133
137 134
138 1
138 2
138 4
138 7
138 9
138 13
138 15
138 16
138 18
138 19
138 21
138 23
138 31
138 32
138 37
138 40
138 41
138 43
138 44
138 46
138 47
138 53
138 54
138 57
138 58
138 60
138 63
138 64
138 68
138 69
138 74
138 75
138 80
138 81
138 82
138 85
138 90
138 92
138 93
138 94
138 98
138 99
138 101
138 105
138 106
138 113
138 116
138 117
138 118
138 120
138 121
138 125
138 127
138 128
138 130
138 132
138 133
138 134
138 135
138 136
138 137
139 2
139 5
139 6
139 9
139 11
139 14
139 15
139 18
139 19
139 20
139 22
139 28
139 34
139 39
139 41
139 42
139 43
139 46
139 48
139 54
139 57
139 59
139 61
139 62
139 66
139 67
139 72
139 75
139 76
139 77
139 80
139 81
139 83
139 84
139 86
139 88
139 89
139 90
139 91
139 94
139 103
139 105
139 106
139 110
139 111
139 112
139 113
139 115
139 119
139 125
139 127
139 129
139 131
139 133
139 135
139 136
139 138
140 4
140 5
140 7
140 14
140 15
140 17
140 19
140 22
140 25
140 27
140 29
140 30
140 34
140 36
140 43
140 44
140 45
140 46
140 47
140 50
140 51
140 52
140 54
140 57
140 61
140 62
140 63
140 70
140 74
140 76
140 77
140 78
140 80
140 82
140 85
140 88
140 89
140 91
140 94
140 95
140 96
140 98
140 99
140 100
140 101
140 104
140 105
140 111
140 113
140 116
140 118
140 119
140 122
140 125
140 127
140 128
140 132
140 133
140 135
140 139
141 1
141 3
141 4
141 7
141 10
141 13
141 15
141 18
141 20
141 23
141 26
141 27
141 29
141 30
141 31
141 32
141 33
141 34
141 37
141 38
141 40
141 42
141 44
141 50
141 51
141 52
141 58
141 59
141 63
141 64
141 66
141 67
141 68
141 69
141 70
141 72
141 74
141 75
141 76
141 77
141 79
141 80
141 82
141 83
141 86
141 89
141 90
141 93
141 101
141 102
141 105
141 108
141 110
141 112
141 114
141 115
141 117
141 119
141 121
141 123
141 127
141 128
141 130
141 132
141 133
141 136
141 138
142 1
142 2
142 3
142 4
142 6
142 8
142 9
142 11
142 12
142 13
142 18
142 20
142 21
142 25
142 26
142 29
142 30
142 31
142 32
142 33
142 34
142 37
142 41
142 42
142 46
142 47
142 50
142 53
142 59
142 63
142 66
142 67
142 68
142 70
142 73
142 74
142 75
142 77
142 78
142 79
142 80
142 82
142 83
142 87
142 89
142 90
142 91
142 94
142 95
142 96
142 99
142 101
142 102
142 106
142 109
142 113
142 117
142 118
142 119
142 120
142 122
142 126
142 129
142 130
142 133
142 134
142 136
142 137
142 141
143 1
143 2
143 4
143 6
143 7
143 8
143 10
143 15
143 17
143 19
143 20
143 24
143 27
143 28
143 33
143 35
143 37
143 40
143 41
143 46
143 47
143 49
143 51
143 52
143 54
143 57
143 58
143 59
143 61
143 62
143 64
143 65
143 66
143 68
143 70
143 80
143 87
143 90
143 94
143 95
143 97
143 98
143 103
143 105
143 107
143 109
143 112
143 113
143 116
143 120
143 122
143 124
143 125
143 129
143 134
143 135
143 139
143 140
144 6
144 7
144 9
144 10
144 16
144 17
144 18
144 21
144 22
144 26
144 29
144 35
144 36
144 41
144 44
144 48
144 52
144 54
144 55
144 56
144 59
144 61
144 65
144 67
144 69
144 72
144 73
144 76
144 77
144 80
144 92
144 96
144 100
144 101
144 104
144 106
144 107
144 108
144 109
144 112
144 114
144 118
144 120
144 126
144 129
144 133
144 136
144 140
145 1
145 2
145 5
145 9
145 13
145 15
145 20
145 21
145 23
145 24
145 26
145 31
145 32
145 35
145 36
145 37
145 39
145 42
145 43
145 44
145 46
145 47
145 48
145 53
145 54
145 62
145 65
145 72
145 73
145 74
145 76
145 83
145 84
145 86
145 88
145 93
145 94
145 95
145 96
145 97
145 98
145 102
145 104
145 105
145 108
145 109
145 110
145 114
145 115
145 116
145 117
145 118
145 128
145 129
145 130
145 133
145 138
145 141
145 142
145 144
146 1
146 2
146 3
146 10
146 11
146 15
146 16
146 17
146 20
146 21
146 23
146 25
146 27
146 28
146 29
146 30
146 31
146 32
146 33
146 34
146 35
146 37
146 41
146 42
146 45
146 49
146 50
146 51
146 52
146 54
146 58
146 61
146 62
146 63
146 67
146 72
146 74
146 78
146 80
146 82
146 83
146 84
146 85
146 90
146 91
146 92
146 98
146 100
146 102
146 103
146 104
146 105
146 106
146 107
146 110
146 111
146 112
146 115
146 118
146 120
146 121
146 123
146 124
146 128
146 129
146 131
146 134
146 137
146 138
146 141
146 143
146 144
146 145
147 2
147 3
147 4
147 6
147 7
147 8
147 9
147 11
147 12
147 13
147 15
147 21
147 24
147 30
147 31
147 32
147 33
147 34
147 37
147 38
147 39
147 40
147 43
147 45
147 46
147 50
147 51
147 52
147 54
147 56
147 57
147 59
147 61
147 62
147 63
147 64
147 66
147 70
147 71
147 73
147 76
147 81
147 82
147 85
147 86
147 88
147 93
147 97
147 100
147 101
147 102
147 103
147 104
147 106
147 108
147 110
147 112
147 115
147 117
147 119
147 124
147 126
147 127
147 134
147 135
147 137
147 138
147 139
147 141
147 142
147 143
147 144
148 1
148 2
148 4
148 11
148 12
148 14
148 16
148 19
148 20
148 22
148 26
148 28
148 29
148 31
148 37
148 39
148 40
148 41
148 46
148 49
148 50
148 52
148 59
148 61
148 63
148 66
148 67
148 69
148 71
148 72
148 73
148 74
148 76
148 77
148 78
148 81
148 82
148 85
148 87
148 91
148 92
148 93
148 94
148 95
148 96
148 98
148 99
148 101
148 103
148 104
148 105
148 106
148 109
148 110
148 112
148 113
148 114
148 117
148 122
148 125
148 133
148 134
148 135
148 138
148 142
148 144
149 11
149 16
149 18
149 22
149 26
149 31
149 36
149 41
149 42
149 48
149 51
149 53
149 54
149 58
149 59
149 60
149 62
149 65
149 66
149 68
149 74
149 75
149 77
149 79
149 81
149 83
149 84
149 86
149 87
149 88
149 90
149 92
149 93
149 96
149 98
149 99
149 102
149 104
149 106
149 107
149 109
149 111
149 114
149 118
149 119
149 121
149 122
149 124
149 128
149 129
149 131
149 132
149 136
149 138
149 139
149 143
149 148
150 2
150 3
150 4
150 7
150 8
150 9
150 12
150 14
150 15
150 17
150 18
150 24
150 25
150 27
150 30
150 31
150 35
150 36
150 37
150 39
150 41
150 43
150 45
150 48
150 50
150 51
150 52
150 54
150 55
150 56
150 58
150 59
150 60
150 61
150 63
150 65
150 66
150 70
150 71
150 75
150 78
150 81
150 83
150 84
150 86
150 87
150 88
150 90
150 91
150 92
150 93
150 94
150 95
150 96
150 97
150 99
150 103
150 104
150 106
150 108
150 110
150 111
150 116
150 117
150 121
150 122
150 124
150 129
150 130
150 132
150 133
150 135
150 136
150 138
150 139
150 140
150 142
150 143
150 144
150 145
150 148
150 149
151 2
151 3
151 4
151 5
151 6
151 9
151 12
151 13
151 14
151 17
151 18
151 27
151 29
151 30
151 33
151 34
151 35
151 36
151 39
151 41
151 43
151 50
151 51
151 52
151 53
151 55
151 56
151 59
151 60
151 63
151 65
151 70
151 71
151 75
151 78
151 80
151 81
151 82
151 83
151 85
151 86
151 88
151 90
151 91
151 95
151 97
151 98
151 100
151 102
151 103
151 104
151 106
151 107
151 109
151 111
151 115
151 118
151 119
151 124
151 125
151 126
151 127
151 130
151 134
151 137
151 141
151 149
152 2
152 4
152 5
152 7
152 13
152 14
152 17
152 18
152 21
152 22
152 29
152 30
152 31
152 32
152 34
152 35
152 38
152 40
152 43
152 44
152 45
152 48
152 49
152 51
152 52
152 56
152 62
152 63
152 64
152 66
152 70
152 73
152 76
152 77
152 83
152 86
152 89
152 90
152 91
152 93
152 97
152 98
152 99
152 100
152 101
152 103
152 104
152 105
152 106
152 107
152 108
152 114
152 117
152 120
152 122
152 124
152 125
152 126
152 127
152 130
152 133
152 135
152 137
152 139
152 141
152 142
152 144
152 145
152 147
152 150
153 2
153 3
153 4
153 7
153 8
153 9
153 11
153 12
153 14
153 16
153 17
153 18
153 19
153 21
153 22
153 24
153 26
153 27
153 29
153 30
153 32
153 35
153 36
153 37
153 38
153 39
153 42
153 45
153 46
153 47
153 49
153 51
153 52
153 53
153 65
153 71
153 73
153 75
153 76
153 77
153 81
153 82
153 84
153 89
153 90
153 91
153 92
153 95
153 96
153 103
153 104
153 105
153 108
153 111
153 116
153 122
153 126
153 129
153 130
153 132
153 134
153 136
153 137
153 138
153 139
153 142
153 143
153 148
153 150
153 151
153 152
154 1
154 3
154 7
154 9
154 10
154 12
154 13
154 15
154 17
154 19
154 20
154 22
154 24
154 26
154 28
154 31
154 33
154 35
154 37
154 39
154 41
154 42
154 44
154 46
154 49
154 50
154 53
154 58
154 59
154 62
154 63
154 65
154 67
154 69
154 73
154 75
154 78
154 79
154 83
154 88
154 89
154 90
154 91
154 94
154 96
154 101
154 102
154 103
154 105
154 107
154 109
154 111
154 114
154 117
154 118
154 119
154 120
154 125
154 128
154 129
154 132
154 133
154 135
154 136
154 142
154 143
154 144
154 145
154 147
154 148
154 152
155 1
155 5
155 6
155 8
155 10
155 14
155 15
155 17
155 19
155 20
155 21
155 22
155 23
155 24
155 26
155 32
155 33
155 34
155 36
155 39
155 40
155 42
155 43
155 45
155 47
155 48
155 49
155 50
155 53
155 55
155 58
155 60
155 62
155 65
155 66
155 67
155 70
155 75
155 79
155 80
155 81
155 82
155 84
155 85
155 86
155 89
155 91
155 92
155 95
155 99
155 103
155 104
155 105
155 107
155 110
155 111
155 113
155 115
155 117
155 118
155 119
155 120
155 121
155 122
155 123
155 126
155 128
155 131
155 134
155 136
155 143
155 145
155 147
155 154
156 2
156 3
156 4
156 5
156 6
156 8
156 9
156 11
156 13
156 16
156 19
156 23
156 24
156 29
156 30
156 31
156 32
156 36
156 38
156 40
156 43
156 44
156 45
156 46
156 47
156 50
156 51
156 52
156 53
156 61
156 62
156 63
156 66
156 67
156 68
156 74
156 75
156 76
156 78
156 80
156 81
156 83
156 85
156 86
156 89
156 92
156 94
156 95
156 96
156 97
156 101
156 105
156 108
156 109
156 113
156 117
156 119
156 120
156 122
156 129
156 131
156 132
156 134
156 139
156 142
156 144
156 145
156 147
156 148
156 150
156 151
156 152
156 153
156 154
157 1
157 6
157 7
157 13
157 15
157 16
157 19
157 21
157 23
157 27
157 28
157 31
157 32
157 35
157 38
157 42
157 45
157 49
157 50
157 53
157 64
157 65
157 66
157 72
157 73
157 75
157 76
157 80
157 84
157 85
157 86
157 89
157 91
157 92
157 93
157 94
157 96
157 98
157 99
157 100
157 101
157 102
157 106
157 107
157 109
157 111
157 112
157 113
157 117
157 120
157 122
157 123
157 124
157 126
157 127
157 131
157 132
157 137
157 138
157 139
157 141
157 143
157 144
157 156
158 2
158 3
158 4
158 8
158 10
158 12
158 13
158 14
158 15
158 18
158 19
158 22
158 24
158 25
158 26
158 28
158 30
158 33
158 34
158 36
158 39
158 46
158 47
158 49
158 50
158 52
158 54
158 55
158 56
158 57
158 60
158 61
158 62
158 67
158 70
158 71
158 72
158 73
158 74
158 77
158 78
158 79
158 80
158 82
158 85
158 86
158 87
158 88
158 94
158 101
158 105
158 106
158 107
158 109
158 110
158 111
158 113
158 115
158 116
158 117
158 118
158 124
158 125
158 130
158 134
158 138
158 140
158 142
158 144
158 145
158 146
158 147
158 149
158 154
158 155
158 156
158 157
159 4
159 6
159 7
159 9
159 11
159 12
159 18
159 20
159 23
159 27
159 32
159 34
159 36
159 37
159 44
159 45
159 46
159 48
159 49
159 51
159 52
159 53
159 54
159 58
159 60
159 67
159 71
159 72
159 75
159 76
159 84
159 86
159 93
159 95
159 98
159 101
159 105
159 106
159 107
159 109
159 111
159 112
159 114
159 115
159 120
159 124
159 126
159 128
159 129
159 130
159 132
159 133
159 134
159 136
159 137
159 138
159 139
159 141
159 143
159 148
159 150
159 151
159 152
159 154
159 156
159 158
160 3
160 5
160 6
160 7
160 11
160 13
160 16
160 18
160 19
160 20
160 23
160 29
160 30
160 33
160 35
160 36
160 38
160 39
160 42
160 43
160 44
160 47
160 49
160 52
160 53
160 54
160 63
160 65
160 67
160 68
160 70
160 74
160 76
160 77
160 79
160 84
160 85
160 86
160 87
160 91
160 92
160 93
160 95
160 98
160 100
160 102
160 111
160 112
160 114
160 115
160 117
160 118
160 119
160 122
160 124
160 126
160 127
160 128
160 129
160 130
160 131
160 133
160 136
160 138
160 139
160 141
160 142
160 146
160 147
160 148
160 150
160 152
160 153
160 155
160 156
160 158
161 2
161 4
161 5
161 6
161 7
161 10
161 11
161 12
161 16
161 18
161 19
161 22
161 29
161 30
161 35
161 37
161 38
161 39
161 41
161 42
161 43
161 45
161 49
161 51
161 52
161 53
161 54
161 60
161 62
161 63
161 64
161 68
161 72
161 74
161 75
161 76
161 79
161 81
161 82
161 83
161 85
161 86
161 88
161 91
161 95
161 96
161 98
161 99
161 100
161 101
161 102
161 105
161 108
161 112
161 114
161 115
161 116
161 117
161 121
161 125
161 126
161 127
161 128
161 129
161 134
161 137
161 138
161 140
161 141
161 144
161 151
161 152
161 153
161 154
161 158
161 160
162 6
162 11
162 14
162 16
162 17
162 18
162 21
162 22
162 25
162 26
162 27
162 30
162 31
162 33
162 38
162 43
162 45
162 46
162 48
162 49
162 51
162 52
162 54
162 55
162 56
162 57
162 62
162 63
162 64
162 66
162 67
162 70
162 73
162 76
162 79
162 81
162 82
162 84
162 86
162 87
162 88
162 92
162 93
162 95
162 97
162 98
162 99
162 103
162 105
162 106
162 107
162 108
162 111
162 112
162 114
162 123
162 126
162 127
162 128
162 129
162 130
162 132
162 133
162 134
162 135
162 140
162 143
162 146
162 153
162 154
162 155
162 158
162 159
163 1
163 4
163 6
163 8
163 14
163 17
163 22
163 26
163 27
163 29
163 31
163 32
163 35
163 36
163 37
163 38
163 39
163 41
163 44
163 47
163 49
163 50
163 52
163 55
163 59
163 61
163 63
163 66
163 67
163 70
163 71
163 75
163 82
163 84
163 85
163 86
163 88
163 90
163 91
163 92
163 96
163 97
163 99
163 100
163 104
163 107
163 108
163 115
163 117
163 119
163 120
163 123
163 124
163 125
163 126
163 127
163 129
163 131
163 138
163 140
163 143
163 145
163 149
163 150
163 151
163 152
163 154
163 156
163 158
163 162
164 3
164 4
164 7
164 8
164 9
164 10
164 13
164 15
164 17
164 22
164 23
164 35
164 39
164 42
164 43
164 46
164 48
164 52
164 54
164 55
164 57
164 58
164 62
164 64
164 67
164 68
164 69
164 72
164 73
164 75
164 76
164 77
164 80
164 81
164 84
164 85
164 88
164 89
164 92
164 94
164 96
164 97
164 98
164 99
164 104
164 105
164 107
164 108
164 110
164 113
164 115
164 116
164 117
164 118
164 120
164 122
164 124
164 126
164 127
164 129
164 132
164 135
164 136
164 137
164 138
164 139
164 140
164 141
164 142
164 149
164 152
164 155
164 157
164 158
164 159
164 160
164 161
164 162
164 163
165 4
165 5
165 6
165 9
165 10
165 15
165 19
165 25
165 32
165 33
165 34
165 35
165 37
165 42
165 43
165 48
165 50
165 54
165 55
165 57
165 60
165 61
165 64
165 65
165 67
165 68
165 69
165 70
165 71
165 77
165 82
165 83
165 84
165 86
165 90
165 91
165 92
165 94
165 95
165 97
165 98
165 99
165 100
165 105
165 106
165 109
165 110
165 113
165 114
165 117
165 118
165 122
165 127
165 131
165 132
165 134
165 137
165 142
165 143
165 144
165 146
165 152
165 154
165 156
165 157
165 158
165 160
165 161
166 2
166 4
166 5
166 6
166 7
166 9
166 10
166 11
166 12
166 15
166 18
166 19
166 20
166 21
166 22
166 24
166 25
166 26
166 28
166 30
166 31
166 32
166 33
166 36
166 42
166 44
166 48
166 53
166 54
166 56
166 57
166 59
166 60
166 64
166 69
166 71
166 72
166 73
166 74
166 76
166 78
166 79
166 80
166 81
166 83
166 86
166 87
166 88
166 89
166 90
166 94
166 95
166 99
166 102
166 108
166 109
166 110
166 112
166 113
166 114
166 115
166 117
166 119
166 120
166 122
166 126
166 127
166 128
166 130
166 132
166 133
166 134
166 135
166 136
166 138
166 139
166 140
166 143
166 144
166 148
166 149
166 150
166 151
166 154
166 155
166 156
166 159
166 160
166 162
166 164
166 165
167 1
167 10
167 11
167 12
167 16
167 17
167 23
167 25
167 28
167 31
167 33
167 40
167 42
167 48
167 49
167 56
167 62
167 63
167 64
167 65
167 73
167 75
167 76
167 78
167 81
167 83
167 87
167 88
167 90
167 93
167 95
167 98
167 99
167 100
167 102
167 103
167 105
167 106
167 107
167 111
167 114
167 115
167 117
167 118
167 119
167 121
167 123
167 124
167 129
167 130
167 133
167 134
167 136
167 138
167 142
167 144
167 146
167 149
167 151
167 153
167 156
167 159
167 160
167 161
167 162
167 163
167 164
167 165
168 1
168 4
168 7
168 10
168 14
168 17
168 24
168 25
168 27
168 29
168 33
168 34
168 39
168 40
168 42
168 43
168 44
168 45
168 47
168 48
168 52
168 53
168 55
168 56
168 57
168 58
168 63
168 64
168 67
168 70
168 74
168 75
168 76
168 77
168 78
168 79
168 80
168 82
168 86
168 87
168 91
168 92
168 94
168 97
168 102
168 106
168 107
168 114
168 115
168 118
168 119
168 121
168 122
168 123
168 125
168 126
168 128
168 131
168 136
168 137
168 141
168 144
168 146
168 148
168 149
168 150
168 151
168 152
168 153
168 154
168 157
168 161
168 162
168 164
168 165
168 166
168 167
169 2
169 4
169 8
169 14
169 16
169 17
169 23
169 25
169 33
169 34
169 36
169 38
169 39
169 40
169 41
169 43
169 44
169 48
169 49
169 50
169 52
169 53
169 60
169 61
169 64
169 65
169 67
169 70
169 71
169 72
169 77
169 79
169 80
169 81
169 83
169 86
169 89
169 91
169 95
169 96
169 98
169 100
169 101
169 102
169 103
169 112
169 117
169 118
169 119
169 120
169 121
169 122
169 123
169 126
169 128
169 129
169 130
169 133
169 134
169 138
169 139
169 140
169 143
169 144
169 146
169 147
169 151
169 152
169 153
169 155
169 160
169 165
169 166
169 167
170 1
170 2
170 3
170 4
170 5
170 6
170 7
170 9
170 12
170 14
170 17
170 18
170 24
170 25
170 33
170 34
170 35
170 36
170 39
170 45
170 46
170 50
170 51
170 56
170 57
170 59
170 61
170 64
170 65
170 66
170 68
170 75
170 76
170 78
170 81
170 84
170 85
170 86
170 88
170 89
170 90
170 91
170 94
170 97
170 99
170 100
170 101
170 102
170 108
170 109
170 113
170 118
170 119
170 121
170 125
170 126
170 135
170 140
170 142
170 146
170 147
170 150
170 151
170 152
170 153
170 159
170 162
170 163
170 164
170 165
170 167
170 169
171 3
171 5
171 7
171 10
171 19
171 22
171 26
171 27
171 29
171 30
171 31
171 32
171 33
171 36
171 37
171 38
171 39
171 40
171 41
171 42
171 43
171 45
171 46
171 47
171 49
171 53
171 59
171 60
171 64
171 68
171 69
171 72
171 75
171 76
171 83
171 88
171 91
171 92
171 93
171 94
171 95
171 96
171 98
171 99
171 106
171 107
171 108
171 109
171 110
171 111
171 114
171 115
171 116
171 118
171 121
171 122
171 127
171 129
171 133
171 134
171 135
171 136
171 143
171 145
171 146
171 147
171 148
171 154
171 160
171 161
171 163
171 169
172 6
172 7
172 9
172 11
172 14
172 16
172 19
172 25
172 27
172 28
172 34
172 35
172 37
172 39
172 40
172 41
172 45
172 47
172 48
172 49
172 51
172 54
172 55
172 56
172 58
172 64
172 66
172 67
172 68
172 70
172 74
172 75
172 78
172 79
172 81
172 82
172 86
172 92
172 94
172 95
172 97
172 99
172 100
172 101
172 105
172 108
172 111
172 112
172 115
172 118
172 122
172 125
172 126
172 127
172 128
172 129
172 130
172 131
172 132
172 137
172 138
172 143
172 144
172 145
172 149
172 150
172 152
172 155
172 156
172 159
172 160
172 162
172 163
172 164
172 165
172 166
172 169
172 170
173 3
173 4
173 5
173 6
173 8
173 9
173 10
173 14
173 15
173 17
173 21
173 24
173 26
173 27
173 28
173 32
173 37
173 39
173 40
173 41
173 42
173 44
173 46
173 48
173 49
173 50
173 54
173 56
173 57
173 58
173 61
173 62
173 63
173 64
173 71
173 72
173 77
173 80
173 81
173 84
173 85
173 86
173 88
173 89
173 91
173 93
173 99
173 101
173 102
173 103
173 104
173 106
173 107
173 109
173 110
173 114
173 116
173 117
173 120
173 121
173 122
173 126
173 128
173 132
173 133
173 134
173 135
173 139
173 140
173 141
173 142
173 144
173 147
173 151
173 153
173 155
173 156
173 158
173 161
173 163
173 164
173 165
173 168
173 169
174 4
174 5
174 6
174 11
174 15
174 17
174 18
174 20
174 24
174 26
174 27
174 29
174 30
174 32
174 33
174 36
174 37
174 40
174 41
174 42
174 46
174 48
174 50
174 53
174 54
174 56
174 58
174 60
174 61
174 63
174 65
174 66
174 67
174 71
174 73
174 76
174 78
174 79
174 86
174 87
174 88
174 89
174 91
174 92
174 96
174 97
174 101
174 102
174 106
174 107
174 108
174 110
174 115
174 118
174 120
174 125
174 127
174 128
174 129
174 132
174 134
174 139
174 141
174 142
174 143
174 147
174 148
174 149
174 152
174 153
174 154
174 155
174 156
174 157
174 158
174 159
174 165
174 168
174 169
174 170
174 173
175 2
175 3
175 5
175 6
175 9
175 12
175 17
175 18
175 19
175 20
175 21
175 27
175 35
175 36
175 37
175 42
175 43
175 46
175 47
175 49
175 59
175 63
175 64
175 73
175 76
175 77
175 81
175 85
175 86
175 87
175 89
175 91
175 92
175 95
175 96
175 97
175 99
175 101
175 102
175 103
175 105
175 107
175 111
175 112
175 113
175 115
175 118
175 119
175 122
175 125
175 127
175 128
175 129
175 131
175 134
175 137
175 138
175 139
175 142
175 143
175 147
175 151
175 152
175 154
175 157
175 161
175 168
176 1
176 2
176 5
176 6
176 8
176 9
176 10
176 12
176 13
176 14
176 22
176 26
176 27
176 29
176 30
176 34
176 37
176 38
176 39
176 42
176 43
176 46
176 51
176 54
176 57
176 60
176 61
176 62
176 63
176 64
176 65
176 67
176 68
176 69
176 71
176 72
176 75
176 76
176 77
176 78
176 79
176 82
176 83
176 84
176 85
176 89
176 90
176 95
176 100
176 102
176 103
176 104
176 105
176 109
176 110
176 112
176 115
176 116
176 117
176 121
176 123
176 124
176 125
176 126
176 128
176 132
176 133
176 135
176 139
176 141
176 144
176 145
176 146
176 148
176 149
176 151
176 153
176 154
176 158
176 159
176 161
176 162
176 164
176 170
176 174
176 175
177 3
177 5
177 8
177 10
177 12
177 14
177 16
177 18
177 19
177 23
177 25
177 26
177 28
177 31
177 32
177 33
177 35
177 36
177 38
177 39
177 43
177 44
177 45
177 46
177 47
177 48
177 49
177 51
177 55
177 56
177 57
177 58
177 61
177 65
177 66
177 68
177 71
177 72
177 77
177 78
177 79
177 80
177 82
177 88
177 91
177 92
177 95
177 102
177 105
177 107
177 108
177 109
177 112
177 114
177 116
177 120
177 121
177 122
177 123
177 124
177 125
177 127
177 128
177 130
177 132
177 134
177 137
177 139
177 140
177 141
177 142
177 143
177 145
177 146
177 149
177 151
177 156
177 158
177 159
177 160
177 162
177 167
177 168
177 169
177 172
177 173
177 174
177 175
178 1
178 4
178 5
178 7
178 10
178 13
178 15
178 16
178 17
178 19
178 26
178 29
178 31
178 34
178 37
178 42
178 43
178 44
178 46
178 47
178 48
178 49
178 50
178 53
178 55
178 59
178 60
178 69
178 71
178 72
178 74
178 76
178 80
178 82
178 83
178 84
178 86
178 87
178 89
178 96
178 97
178 99
178 100
178 101
178 102
178 103
178 106
178 107
178 109
178 111
178 112
178 113
178 114
178 115
178 119
178 122
178 123
178 125
178 126
178 133
178 136
178 138
178 140
178 141
178 142
178 143
178 150
178 151
178 153
178 156
178 158
178 159
178 160
178 161
178 166
178 169
178 170
178 173
178 174
178 175
178 176
178 177
179 7
179 9
179 10
179 13
179 15
179 16
179 19
179 20
179 21
179 23
179 24
179 26
179 27
179 32
179 37
179 38
179 43
179 45
179 46
179 50
179 53
179 54
179 55
179 56
179 58
179 59
179 64
179 65
179 72
179 73
179 75
179 76
179 77
179 78
179 79
179 85
179 87
179 90
179 93
179 94
179 95
179 96
179 98
179 99
179 102
179 103
179 104
179 105
179 109
179 110
179 111
179 122
179 123
179 125
179 126
179 127
179 131
179 132
179 135
179 138
179 141
179 149
179 150
179 156
179 159
179 162
179 165
179 170
179 172
179 174
179 175
179 176
180 3
180 7
180 8
180 9
180 12
180 13
180 14
180 21
180 22
180 23
180 24
180 25
180 27
180 31
180 32
180 33
180 38
180 40
180 42
180 44
180 46
180 47
180 48
180 51
180 52
180 53
180 54
180 55
180 62
180 64
180 65
180 69
180 70
180 73
180 74
180 75
180 76
180 78
180 80
180 81
180 83
180 84
180 85
180 88
180 89
180 92
180 94
180 95
180 99
180 100
180 103
180 104
180 106
180 112
180 116
180 117
180 118
180 120
180 121
180 122
180 123
180 124
180 125
180 126
180 128
180 130
180 131
180 132
180 136
180 138
180 139
180 140
180 145
180 146
180 147
180 148
180 152
180 157
180 158
180 163
180 164
180 165
180 168
180 170
180 171
180 172
180 177
180 178
181 4
181 5
181 10
181 13
181 21
181 22
181 23
181 25
181 27
181 29
181 32
181 35
181 36
181 37
181 38
181 39
181 40
181 41
181 42
181 45
181 49
181 50
181 55
181 57
181 60
181 61
181 62
181 63
181 70
181 73
181 74
181 75
181 76
181 79
181 80
181 81
181 91
181 92
181 93
181 94
181 98
181 99
181 100
181 101
181 102
181 104
181 106
181 107
181 108
181 111
181 112
181 113
181 116
181 118
181 121
181 123
181 124
181 126
181 129
181 130
181 131
181 133
181 136
181 138
181 142
181 143
181 144
181 145
181 146
181 153
181 154
181 155
181 158
181 162
181 166
181 167
181 170
181 171
181 175
181 178
181 180
182 4
182 7
182 14
182 17
182 19
182 22
182 27
182 29
182 32
182 36
182 37
182 39
182 41
182 43
182 46
182 51
182 54
182 55
182 57
182 62
182 63
182 65
182 66
182 68
182 70
182 71
182 75
182 76
182 85
182 86
182 89
182 94
182 95
182 96
182 98
182 99
182 100
182 101
182 104
182 106
182 108
182 109
182 110
182 112
182 113
182 114
182 118
182 119
182 120
182 121
182 124
182 125
182 126
182 128
182 129
182 130
182 131
182 137
182 141
182 143
182 144
182 146
182 147
182 148
182 149
182 150
182 151
182 153
182 154
182 158
182 160
182 163
182 164
182 165
182 167
182 173
182 181
183 3
183 11
183 12
183 14
183 18
183 19
183 25
183 26
183 32
183 33
183 35
183 38
183 39
183 46
183 50
183 52
183 56
183 57
183 58
183 60
183 63
183 66
183 69
183 71
183 72
183 73
183 75
183 76
183 77
183 78
183 81
183 82
183 83
183 92
183 94
183 95
183 97
183 98
183 100
183 103
183 105
183 110
183 111
183 112
183 113
183 114
183 115
183 116
183 117
183 120
183 121
183 124
183 125
183 127
183 130
183 131
183 135
183 136
183 140
183 144
183 145
183 147
183 156
183 157
183 158
183 159
183 164
183 165
183 167
183 170
183 174
183 177
183 178
183 180
183 182
184 2
184 4
184 5
184 6
184 7
184 8
184 9
184 11
184 12
184 13
184 18
184 21
184 22
184 31
184 32
184 33
184 36
184 38
184 41
184 43
184 44
184 46
184 49
184 50
184 51
184 52
184 58
184 62
184 64
184 65
184 67
184 69
184 72
184 73
184 74
184 77
184 79
184 80
184 82
184 83
184 94
184 96
184 98
184 99
184 100
184 101
184 102
184 104
184 113
184 114
184 115
184 119
184 124
184 125
184 126
184 127
184 129
184 130
184 135
184 136
184 140
184 141
184 143
184 145
184 148
184 152
184 153
184 155
184 156
184 159
184 161
184 164
184 166
184 167
184 168
184 169
184 171
184 172
184 175
184 178
184 180
184 181
184 182
184 183
185 3
185 5
185 8
185 10
185 12
185 13
185 15
185 16
185 17
185 18
185 19
185 21
185 23
185 24
185 25
185 26
185 31
185 34
185 41
185 42
185 43
185 44
185 45
185 47
185 49
185 51
185 54
185 55
185 56
185 62
185 64
185 65
185 66
185 70
185 74
185 75
185 76
185 77
185 78
185 80
185 84
185 85
185 88
185 91
185 96
185 97
185 104
185 111
185 112
185 115
185 117
185 121
185 125
185 126
185 136
185 139
185 140
185 142
185 144
185 147
185 149
185 151
185 152
185 157
185 159
185 160
185 163
185 164
185 166
185 171
185 173
185 178
185 180
185 181
185 182
185 183
186 5
186 8
186 12
186 13
186 16
186 20
186 22
186 25
186 26
186 30
186 32
186 34
186 37
186 39
186 40
186 41
186 44
186 45
186 47
186 48
186 51
186 52
186 54
186 55
186 57
186 58
186 61
186 66
186 67
186 69
186 70
186 76
186 77
186 79
186 85
186 87
186 88
186 91
186 92
186 93
186 95
186 96
186 103
186 104
186 108
186 110
186 111
186 112
186 115
186 116
186 121
186 123
186 128
186 129
186 131
186 132
186 133
186 134
186 135
186 138
186 139
186 142
186 145
186 146
186 147
186 149
186 152
186 153
186 154
186 155
186 159
186 161
186 162
186 165
186 166
186 167
186 168
186 169
186 173
186 174
186 178
186 180
186 181
186 184
186 185
187 5
187 7
187 8
187 10
187 11
187 12
187 13
187 16
187 19
187 23
187 25
187 29
187 30
187 31
187 37
187 39
187 40
187 42
187 47
187 49
187 53
187 55
187 60
187 61
187 64
187 66
187 69
187 70
187 71
187 75
187 76
187 77
187 79
187 86
187 87
187 89
187 90
187 96
187 97
187 98
187 103
187 104
187 106
187 107
187 108
187 109
187 113
187 115
187 116
187 118
187 119
187 120
187 122
187 123
187 125
187 127
187 128
187 131
187 132
187 133
187 134
187 135
187 136
187 137
187 138
187 139
187 141
187 143
187 148
187 150
187 152
187 154
187 156
187 157
187 159
187 160
187 162
187 163
187 166
187 168
187 169
187 172
187 173
187 175
187 177
187 179
187 182
188 1
188 4
188 5
188 7
188 12
188 13
188 14
188 17
188 20
188 22
188 24
188 26
188 27
188 28
188 30
188 33
188 34
188 35
188 36
188 37
188 40
188 42
188 43
188 44
188 45
188 46
188 47
188 48
188 50
188 51
188 53
188 54
188 56
188 57
188 58
188 60
188 61
188 62
188 63
188 64
188 72
188 73
188 75
188 76
188 80
188 83
188 84
188 87
188 89
188 95
188 96
188 97
188 98
188 100
188 102
188 108
188 109
188 112
188 113
188 114
188 117
188 118
188 120
188 121
188 122
188 125
188 129
188 130
188 135
188 136
188 138
188 139
188 140
188 142
188 143
188 148
188 149
188 150
188 154
188 155
188 158
188 160
188 161
188 163
188 164
188 165
188 168
188 170
188 173
188 181
188 182
188 187
189 1
189 3
189 6
189 7
189 10
189 11
189 12
189 22
189 23
189 24
189 27
189 28
189 29
189 30
189 31
189 32
189 33
189 34
189 35
189 36
189 37
189 39
189 45
189 46
189 48
189 52
189 57
189 58
189 62
189 64
189 65
189 66
189 67
189 68
189 69
189 71
189 76
189 77
189 82
189 83
189 85
189 87
189 91
189 94
189 102
189 105
189 106
189 108
189 112
189 113
189 115
189 116
189 119
189 125
189 128
189 134
189 138
189 139
189 140
189 141
189 153
189 157
189 158
189 162
189 163
189 166
189 167
189 168
189 170
189 172
189 173
189 175
189 179
189 183
189 184
190 4
190 6
190 7
190 9
190 10
190 11
190 13
190 15
190 17
190 22
190 28
190 30
190 31
190 33
190 36
190 37
190 38
190 40
190 42
190 46
190 50
190 52
190 54
190 58
190 60
190 62
190 63
190 67
190 68
190 70
190 72
190 73
190 74
190 78
190 79
190 80
190 81
190 83
190 86
190 88
190 89
190 90
190 91
190 92
190 93
190 94
190 95
190 96
190 97
190 98
190 102
190 105
190 108
190 111
190 112
190 116
190 118
190 119
190 120
190 121
190 122
190 128
190 130
190 132
190 133
190 137
190 138
190 142
190 144
190 145
190 147
190 154
190 156
190 160
190 161
190 164
190 167
190 169
190 170
190 178
190 180
190 181
190 182
190 183
190 184
190 185
190 186
190 187
190 188
190 189
191 1
191 7
191 8
191 9
191 10
191 11
191 12
191 15
191 19
191 21
191 22
191 23
191 26
191 28
191 31
191 32
191 36
191 37
191 38
191 40
191 42
191 47
191 48
191 50
191 52
191 55
191 65
191 67
191 68
191 70
191 78
191 79
191 82
191 84
191 88
191 90
191 91
191 93
191 95
191 96
191 98
191 99
191 104
191 105
191 106
191 107
191 109
191 110
191 115
191 116
191 118
191 119
191 121
191 125
191 130
191 135
191 136
191 139
191 140
191 141
191 143
191 145
191 149
191 150
191 153
191 156
191 157
191 158
191 160
191 164
191 168
191 169
191 170
191 173
191 175
191 176
191 177
191 182
191 183
191 186
191 187
191 188
191 189
191 190
192 1
192 3
192 4
192 6
192 7
192 10
192 11
192 12
192 14
192 16
192 17
192 18
192 19
192 20
192 23
192 24
192 25
192 26
192 31
192 33
192 38
192 43
192 44
192 47
192 49
192 55
192 57
192 61
192 62
192 63
192 64
192 65
192 66
192 67
192 70
192 72
192 73
192 74
192 76
192 77
192 80
192 82
192 84
192 89
192 91
192 94
192 95
192 98
192 99
192 103
192 104
192 105
192 106
192 107
192 108
192 109
192 113
192 114
192 115
192 118
192 121
192 122
192 127
192 128
192 130
192 137
192 138
192 142
192 145
192 146
192 148
192 149
192 153
192 155
192 158
192 159
192 160
192 163
192 164
192 168
192 172
192 173
192 174
192 175
192 176
192 178
192 179
192 180
192 181
192 184
192 185
192 187
192 190
193 1
193 3
193 5
193 7
193 9
193 10
193 13
193 15
193 20
193 24
193 25
193 26
193 28
193 32
193 33
193 38
193 39
193 42
193 44
193 45
193 46
193 48
193 49
193 50
193 52
193 54
193 56
193 62
193 64
193 68
193 72
193 73
193 75
193 76
193 80
193 82
193 83
193 84
193 85
193 88
193 89
193 90
193 93
193 95
193 96
193 101
193 103
193 104
193 107
193 108
193 109
193 112
193 113
193 114
193 117
193 118
193 119
193 121
193 125
193 126
193 128
193 130
193 135
193 140
193 142
193 144
193 150
193 154
193 155
193 156
193 157
193 158
193 160
193 163
193 167
193 168
193 169
193 172
193 175
193 177
193 178
193 181
193 184
193 186
193 190
194 1
194 2
194 3
194 5
194 11
194 12
194 13
194 15
194 18
194 20
194 23
194 26
194 34
194 35
194 37
194 42
194 43
194 45
194 46
194 50
194 51
194 53
194 56
194 57
194 58
194 60
194 61
194 62
194 65
194 67
194 70
194 71
194 72
194 75
194 79
194 82
194 83
194 84
194 91
194 95
194 98
194 99
194 106
194 109
194 110
194 117
194 118
194 122
194 123
194 125
194 126
194 127
194 129
194 131
194 132
194 133
194 134
194 136
194 137
194 138
194 139
194 140
194 141
194 144
194 147
194 153
194 154
194 158
194 159
194 160
194 164
194 166
194 169
194 174
194 178
194 179
194 180
194 181
194 182
194 183
194 184
194 187
194 192
195 1
195 4
195 5
195 6
195 8
195 10
195 12
195 15
195 16
195 18
195 23
195 24
195 28
195 29
195 30
195 31
195 32
195 33
195 34
195 37
195 39
195 41
195 42
195 45
195 50
195 51
195 52
195 55
195 57
195 60
195 61
195 64
195 66
195 68
195 70
195 71
195 72
195 75
195 78
195 82
195 84
195 86
195 87
195 88
195 91
195 94
195 96
195 99
195 100
195 101
195 104
195 108
195 110
195 111
195 114
195 116
195 118
195 119
195 122
195 123
195 124
195 125
195 127
195 129
195 134
195 135
195 138
195 142
195 143
195 148
195 149
195 150
195 152
195 154
195 162
195 163
195 164
195 168
195 169
195 170
195 171
195 172
195 174
195 177
195 179
195 181
195 184
195 187
195 188
195 190
195 191
195 192
195 193
196 4
196 9
196 10
196 11
196 12
196 15
196 16
196 22
196 23
196 24
196 26
196 27
196 28
196 30
196 42
196 43
196 48
196 49
196 51
196 53
196 58
196 60
196 61
196 66
196 67
196 70
196 71
196 73
196 76
196 77
196 79
196 81
196 82
196 83
196 84
196 85
196 88
196 89
196 90
196 91
196 92
196 94
196 96
196 97
196 105
196 108
196 109
196 110
196 112
196 114
196 115
196 116
196 117
196 118
196 120
196 121
196 123
196 124
196 127
196 129
196 132
196 134
196 135
196 138
196 140
196 142
196 143
196 144
196 145
196 148
196 149
196 150
196 151
196 155
196 156
196 157
196 159
196 160
196 161
196 163
196 165
196 166
196 168
196 170
196 173
196 176
196 177
196 180
196 181
196 182
196 183
196 187
196 189
196 191
196 192
196 195
197 2
197 3
197 5
197 17
197 19
197 20
197 21
197 23
197 24
197 26
197 27
197 30
197 32
197 35
197 36
197 37
197 38
197 41
197 44
197 46
197 47
197 48
197 49
197 50
197 52
197 55
197 56
197 59
197 60
197 62
197 63
197 64
197 66
197 68
197 69
197 72
197 74
197 75
197 76
197 77
197 78
197 79
197 80
197 83
197 85
197 87
197 92
197 96
197 100
197 102
197 104
197 105
197 109
197 111
197 112
197 120
197 121
197 122
197 123
197 126
197 129
197 130
197 131
197 133
197 136
197 137
197 138
197 139
197 141
197 145
197 146
197 147
197 152
197 153
197 157
197 158
197 160
197 161
197 162
197 165
197 171
197 175
197 180
197 182
197 183
197 186
197 188
197 189
197 190
197 191
197 194
197 195
198 1
198 2
198 8
198 13
198 14
198 15
198 16
198 18
198 19
198 21
198 24
198 25
198 31
198 33
198 34
198 36
198 39
198 40
198 41
198 43
198 44
198 46
198 48
198 49
198 50
198 51
198 55
198 56
198 57
198 58
198 60
198 62
198 63
198 64
198 65
198 69
198 74
198 78
198 81
198 84
198 85
198 87
198 88
198 89
198 90
198 92
198 96
198 101
198 106
198 111
198 113
198 115
198 117
198 121
198 122
198 123
198 124
198 125
198 128
198 129
198 142
198 145
198 146
198 148
198 149
198 150
198 154
198 155
198 156
198 157
198 158
198 160
198 162
198 165
198 168
198 170
198 172
198 178
198 179
198 181
198 182
198 186
198 191
198 197
199 1
199 2
199 3
199 4
199 6
199 7
199 8
199 11
199 15
199 16
199 17
199 20
199 22
199 27
199 30
199 32
199 35
199 37
199 39
199 44
199 45
199 47
199 48
199 49
199 51
199 53
199 54
199 55
199 58
199 59
199 63
199 64
199 65
199 71
199 73
199 74
199 75
199 78
199 79
199 80
199 82
199 85
199 86
199 87
199 91
199 94
199 95
199 97
199 105
199 106
199 112
199 113
199 119
199 120
199 122
199 123
199 124
199 125
199 126
199 127
199 135
199 136
199 139
199 143
199 146
199 147
199 152
199 153
199 157
199 159
199 166
199 168
199 169
199 170
199 182
199 183
199 185
199 188
199 189
199 193
199 194
199 195
199 196
199 197
199 198
200 3
200 6
200 8
200 20
200 21
200 22
200 23
200 24
200 26
200 32
200 36
200 40
200 41
200 45
200 47
200 49
200 50
200 51
200 53
200 54
200 55
200 57
200 58
200 59
200 61
200 67
200 70
200 71
200 72
200 73
200 76
200 77
200 79
200 87
200 88
200 89
200 90
200 91
200 92
200 95
200 98
200 99
200 100
200 102
200 103
200 104
200 105
200 109
200 110
200 112
200 113
200 115
200 118
200 125
200 126
200 127
200 128
200 129
200 133
200 135
200 136
200 137
200 138
200 139
200 140
200 141
200 143
200 144
200 145
200 147
200 148
200 151
200 152
200 156
200 159
200 167
200 168
200 169
200 174
200 175
200 177
200 180
200 181
200 183
200 188
200 189
200 190
200 192
200 193
200 199
